0
10
100
1000
1001
1002
1003
1004
1005
1006
1008
101
1010
1011
1012
1013
1014
1015
1016
1017
1018
1019
102
1020
1022
1023
1024
1025
1026
1027
1028
1029
103
1030
1031
1032
1033
1034
1036
1038
1039
104
1040
1041
1045
1046
1047
1048
1049
105
1050
1051
1053
1054
1055
1056
1057
1058
1059
106
1061
1063
1064
1065
1066
1067
1068
1069
1070
1071
1073
1074
1075
1076
1078
1079
108
1080
1083
1084
1085
1086
1087
1088
1089
1090
1091
1092
1093
1095
1096
1097
1099
11
110
1100
1101
1102
1103
1104
1105
1106
1108
1109
111
1110
1111
1112
1113
1114
1115
1116
1118
1119
112
1121
1122
1123
1124
1125
1126
1127
1128
1129
113
1131
1133
1134
1135
1136
1138
1139
114
1140
1141
1143
1145
1146
1147
1148
1149
115
1150
1151
1152
1153
1154
1155
1156
1157
1158
1159
1160
1161
1162
1163
1164
1165
1166
1167
1168
1169
1170
1172
1173
1174
1175
1176
1177
1179
118
1180
1184
1186
1187
1188
1189
119
1190
1192
1193
1194
1195
1196
1197
1198
1199
12
120
1200
1201
1202
1203
1207
1208
1209
121
1210
1211
1212
1213
1214
1215
1217
1218
1219
122
1220
1221
1222
1224
1225
1226
1228
123
1230
1231
1232
1233
1234
1235
1236
1237
1238
1239
124
1240
1241
1242
1243
1244
1245
1246
1247
1248
1249
125
1250
1251
1253
1254
1255
1256
1258
1259
126
1260
1261
1262
1264
1265
1266
1267
1268
1269
127
1272
1273
1274
1275
1276
1277
1278
1279
128
1280
1281
1282
1283
1284
1285
1286
1289
129
1290
1292
1293
1294
1295
1296
1297
1298
1299
130
1300
1301
1302
1303
1304
1307
131
1312
1313
1314
1315
1316
1317
1318
1319
132
1320
1321
1324
1325
1326
1327
1328
1329
133
1330
1331
1332
1333
1334
1335
1336
1337
1338
1339
134
1340
1341
1342
1343
1344
1345
1346
1347
1348
1349
135
1350
1351
1352
1353
1354
1355
1356
1357
1359
136
1360
1361
1362
1364
1365
1366
137
1370
1371
1372
1373
1374
1375
1376
1377
1378
1379
1380
1381
1382
1384
1385
1386
1387
1388
1389
139
1390
1391
1394
1395
1396
1397
1398
1399
14
140
1400
1401
1402
1404
1405
1406
1407
1408
1409
141
1410
1411
1412
1413
1414
1415
1416
1417
1418
1419
142
1421
1422
1424
1425
1426
1427
1428
1429
143
1431
1432
1433
1434
1435
1436
1437
1438
1439
144
1440
1441
1443
1444
1445
1446
1447
1448
1449
145
1450
1451
1452
1454
1455
146
1460
1462
1465
1466
1467
1468
1469
1470
1471
1473
1474
1475
1476
1477
1478
1479
148
1481
1483
1485
1486
1487
1489
149
1490
1491
1492
1493
1494
1495
1496
1497
1498
1499
150
1500
1501
1503
1504
1506
1507
1508
1509
151
1510
1511
1512
1513
1514
1515
1516
1517
1518
152
1520
1521
1522
1523
1524
1525
1527
1528
153
1532
1533
1534
1535
1536
1538
1539
154
1540
1541
1544
1545
1546
1547
1548
1549
155
1550
1551
1552
1553
1554
1556
1557
156
1560
1561
1562
1563
1564
1565
1566
1567
1568
1569
157
1570
1571
1572
1573
1575
1576
1577
1578
1579
158
1580
1581
1582
1583
1584
1585
1586
1587
1588
1589
159
1590
1591
1592
1593
1594
1595
1596
1597
1598
16
160
1600
1601
1602
1604
1605
1606
1607
1608
161
1610
1611
1612
1613
1614
1615
1616
1618
1619
162
1620
1622
1623
1624
1625
1626
1627
1628
1629
163
1631
1632
1633
1634
1635
1636
1637
1638
1639
164
1640
1641
1643
1644
1645
1646
1647
1648
1649
165
1652
1653
1655
1656
1657
1658
1659
166
1662
1663
1664
1665
1666
1667
1671
1672
1673
1674
1675
1677
1678
1679
168
1680
1682
1683
1684
1686
1687
1688
1689
169
1691
1692
1693
1694
1695
1697
1698
1699
17
170
1701
1702
1703
1704
1705
1706
1707
1708
1709
171
1710
1711
1712
1713
1714
1715
1716
1717
1718
172
1720
1721
1722
1723
1724
1725
1726
1727
1728
1729
173
1730
1731
1732
1734
1735
1736
1737
1738
1739
174
1740
1743
1744
1745
1746
1747
1748
1749
175
1752
1753
1754
1755
1757
1758
1759
176
1761
1762
1765
1766
1767
1768
1769
177
1770
1771
1772
1773
1774
1775
1776
1777
1778
1779
178
1780
1781
1783
1784
1785
1787
1788
1789
179
1790
1791
1792
1793
1794
1795
1796
1797
1798
1799
18
180
1801
1802
1803
1804
1805
1806
1807
1808
1809
1810
1811
1812
1813
1814
1815
1817
1818
1819
182
1821
1822
1823
1824
1825
1827
1829
183
1830
1831
1832
1836
1837
1838
1839
184
1840
1841
1843
1844
1845
1846
1849
185
1850
1851
1852
1853
1854
1855
1856
1857
1858
1859
1860
1861
1864
1865
1866
1867
1868
1869
1870
1871
1872
1873
1874
1875
1876
1877
1878
1879
188
1880
1881
1882
1883
1884
1885
1886
1887
1888
1889
189
1890
1891
1892
1893
1894
1897
1898
19
190
1900
1901
1902
1903
1904
1905
1906
1907
1908
1909
191
1910
1911
1912
1913
1915
1916
1917
1919
192
1920
1921
1922
1923
1924
1925
1926
1927
1928
1929
193
1930
1931
1932
1933
1934
1936
1937
1938
1939
194
1940
1942
1943
1945
1946
1947
1948
1949
195
1950
1952
1953
1954
1955
1956
1957
1958
1959
196
1960
1963
1964
1965
1966
1968
1969
1970
1971
1972
1973
1974
1975
1976
1977
1978
1979
198
1980
1981
1982
1984
1985
1986
1987
1989
199
1990
1992
1993
1994
1997
1998
2
20
200
2003
2006
2007
201
2010
2011
2012
2013
2014
2015
2016
2017
2018
2019
202
2020
2021
2022
2023
2024
2025
2026
2028
2031
2032
2033
2035
2036
2037
2038
2039
204
2041
2042
2043
2044
2045
2046
2047
2048
2049
205
2050
2051
2052
2053
2055
2056
2057
2058
2060
2061
2062
2063
2065
2066
2067
2068
2069
2070
2071
2072
2073
2074
2077
2078
2079
208
2080
2081
2082
2083
2084
2085
2086
2087
2088
2089
209
2092
2093
2094
2095
2096
2098
2099
21
210
2100
2101
2102
2103
2104
2105
2106
2107
2108
211
2110
2113
2115
2117
2118
2119
212
2120
2121
2122
2123
2124
2125
2126
2127
2129
213
2130
2131
2132
2133
2135
2136
2137
2138
2139
214
2140
2141
2142
2144
2145
2146
2148
2149
2151
2152
2153
2154
2155
2156
2157
2158
2159
2161
2164
2165
2166
2167
2168
217
2170
2171
2172
2173
2174
2175
2176
2177
2178
2179
218
2181
2182
2183
2185
2186
2187
2188
2189
219
2190
2191
2192
2193
2194
2195
2196
2197
220
2201
2202
2203
2204
2205
2206
2208
2209
221
2210
2211
2213
2214
2216
2217
2218
2219
222
2220
2221
2222
2223
2224
2225
2226
2227
2228
2229
2230
2231
2232
2233
2236
2237
2238
2239
224
2240
2241
2242
2243
2245
2247
2248
2249
225
2252
2253
2254
2255
2256
2257
2258
2259
226
2260
2261
2263
2264
2265
2266
2267
2268
2269
227
2270
2271
2273
2276
2277
2281
2283
2284
2285
2286
2288
2289
229
2290
2292
2293
2294
2296
2298
2299
23
230
2300
2301
2302
2303
2304
2305
2306
2307
2308
2309
231
2310
2311
2312
2313
2314
2315
2317
2318
2319
232
2320
2321
2322
2323
2325
2326
2327
2328
2329
2330
2332
2333
2334
2335
2337
2338
2339
234
2340
2341
2342
2344
2345
2346
2347
2348
235
2350
2352
2354
2355
2356
2357
2358
2359
236
2361
2362
2363
2364
2365
2366
2367
2368
2369
2370
2371
2372
2373
2374
2375
2376
2377
2379
238
2382
2384
2385
2387
2388
2389
239
2390
2391
2392
2394
2395
2396
2398
2399
24
240
2402
2404
2405
2406
2407
2408
2409
241
2410
2411
2412
2413
2414
2415
2417
2418
2419
242
2420
2422
2423
2424
2425
2426
2427
2428
2429
243
2430
2432
2433
2434
2435
2438
244
2440
2441
2442
2443
2444
2445
2446
2447
2448
2449
2450
2451
2452
2453
2454
2455
2456
2457
2458
2459
246
2460
2463
2464
2465
2466
2467
2468
2469
247
2470
2471
2472
2473
2474
2475
2476
2477
2478
2479
248
2480
2481
2483
2484
2485
2486
2487
2488
2489
249
2490
2491
2492
2493
2494
2495
2496
2497
2499
25
250
2500
2501
2502
2503
2504
2505
2506
2507
2508
2509
2510
2511
2512
2513
2515
2516
2517
2518
2519
252
2520
2521
2522
2523
2524
2525
2526
2527
2528
2529
253
2530
2531
2532
2536
2537
2538
2539
254
2540
2541
2542
2543
2544
2545
2547
2548
2550
2552
2553
2554
2555
2556
2557
2558
2559
256
2560
2561
2562
2563
2564
2565
2566
2567
2568
2569
257
2570
2572
2573
2574
2575
2576
2577
258
2580
2581
2582
2583
2584
2586
2589
259
2590
2591
2592
2593
2594
2595
2596
2597
2598
260
2600
2602
2604
2605
2606
2607
2608
2611
2612
2614
2615
2616
2618
2619
262
2620
2621
2622
2623
2624
2626
2627
2629
263
2630
2631
2632
2633
2634
2635
2636
2637
2639
264
2640
2641
2642
2643
2644
2645
2646
2647
2648
2649
265
2650
2651
2652
2653
2654
2656
2657
2658
266
2660
2661
2662
2663
2664
2665
2666
2667
2668
2669
267
2670
2672
2673
2674
2675
2676
2677
2678
2679
268
2681
2682
2683
2684
2685
2686
2687
2688
2689
2690
2691
2692
2693
2694
2696
2698
2699
27
270
2701
2703
2704
2705
2706
2707
2709
271
2710
2711
2712
2713
2714
2715
2716
2717
2718
2719
272
2720
2721
2722
2723
2724
2725
2726
2727
2728
2729
273
2730
2731
2732
2733
2734
2735
2736
2737
2738
274
2740
2741
2742
2743
2744
2745
2746
2747
2748
2749
275
2750
2751
2752
2753
2754
2755
2756
2757
2758
276
2761
2762
2764
2765
2766
2767
2769
277
2770
2773
2774
2775
2776
2777
2779
278
2780
2781
2782
2783
2784
2785
2786
2787
2789
279
2790
2791
2793
2794
2795
2797
2798
2799
28
2800
2802
2803
2804
2805
2807
2808
2809
281
2810
2811
2813
2814
2815
2817
2819
282
2820
2821
2822
2823
2824
2825
2826
2827
2828
2829
283
2830
2832
2835
2836
2837
2838
2839
284
2840
2841
2845
2847
2848
2849
285
2850
2851
2852
2853
2854
2856
2857
2858
2859
286
2860
2861
2863
2864
2865
2866
2867
2868
2869
287
2870
2871
2872
2873
2875
2876
2877
2878
2879
288
2880
2882
2883
2884
2885
2886
2887
2888
2889
2890
2891
2892
2893
2894
2895
2896
2897
2898
2899
29
290
2900
2901
2902
2904
2905
2906
2907
2908
2909
2910
2911
2912
2913
2914
2915
2918
292
2922
2923
2924
2925
2926
2927
2928
2929
2930
2931
2932
2933
2934
2935
2936
2937
2938
2939
2940
2941
2942
2943
2946
2947
2948
2949
295
2950
2951
2952
2953
2956
2957
2958
2959
2960
2961
2962
2963
2964
2965
2966
2967
2968
297
2970
2971
2972
2973
2974
2975
2976
2977
2978
298
2980
2981
2982
2983
2985
2986
2987
2988
2989
299
2990
2991
2992
2993
2994
2995
2996
2997
2998
2999
3
30
300
3000
3001
3003
3004
3005
3006
3007
301
3010
3011
3012
3013
3014
3015
3016
3018
3019
302
3020
3021
3022
3023
3025
3026
3027
3028
3029
3031
3032
3033
3034
3035
3036
3037
3038
3039
3040
3041
3042
3043
3044
3045
3046
3047
3048
3050
3051
3052
3053
3054
3055
3056
3057
3058
3059
306
3060
3061
3062
3063
3064
3065
3066
3067
3068
3069
307
3070
3071
3072
3073
3075
3077
3078
3079
308
3080
3082
3083
3084
3085
3086
3087
3088
309
3090
3091
3092
3094
3095
3097
3098
3099
31
310
3101
3102
3103
3105
3106
3107
311
312
313
314
315
316
317
318
319
32
321
322
323
324
325
326
327
329
33
330
331
332
333
335
336
337
338
339
340
341
342
343
344
345
346
347
348
350
351
352
353
354
357
36
360
363
365
366
367
368
369
37
370
371
372
373
374
375
376
377
38
381
382
383
384
385
386
387
388
39
390
391
392
394
395
397
398
4
40
400
401
402
405
406
407
408
409
41
410
411
412
413
414
416
417
419
42
420
421
422
423
425
426
427
428
429
43
430
432
433
436
437
438
439
44
440
441
443
444
445
446
447
449
450
451
452
453
454
455
456
457
458
459
46
460
461
462
464
465
466
467
468
469
47
470
471
472
473
474
475
476
479
481
482
483
484
485
487
488
489
49
490
491
492
493
494
499
5
50
500
503
505
506
507
509
51
510
511
513
514
517
518
519
52
520
521
522
523
524
525
526
53
530
532
533
534
535
536
537
538
539
54
540
541
542
544
545
546
547
548
549
55
550
551
552
553
554
555
556
557
558
56
561
563
564
566
567
568
569
57
571
572
573
574
576
577
578
579
58
580
582
583
584
585
588
589
59
590
591
592
593
594
595
597
598
599
6
60
600
601
602
603
605
606
607
609
61
610
611
612
613
614
615
616
617
619
620
621
622
623
624
625
626
627
628
629
63
631
632
633
634
635
636
637
638
639
64
640
641
642
643
644
645
646
647
648
65
650
651
652
653
654
655
656
658
659
66
660
662
664
665
666
667
668
669
67
670
671
672
673
674
675
676
677
678
679
68
680
681
682
683
684
685
686
687
688
689
69
690
691
693
694
695
696
697
698
7
701
702
703
704
705
706
707
709
71
710
711
712
713
714
715
716
717
718
719
72
720
721
722
723
724
725
726
727
728
729
731
732
733
734
735
736
737
738
739
74
741
743
744
745
747
748
749
75
750
751
752
754
755
756
757
758
759
76
760
761
762
763
764
766
767
768
769
770
771
772
773
774
775
776
777
779
78
780
781
783
784
786
787
788
789
79
790
791
792
794
795
796
797
799
8
80
800
801
802
804
806
809
81
811
812
814
815
817
818
819
820
821
822
823
824
825
826
827
828
829
83
830
831
832
835
836
838
839
84
840
841
842
843
844
845
847
848
849
85
853
854
855
856
857
858
859
86
860
861
862
863
864
865
866
867
868
869
87
870
871
872
873
874
875
876
877
878
879
88
880
882
883
885
886
887
888
889
89
890
891
892
893
894
895
896
897
898
899
9
90
900
901
902
903
904
905
906
908
909
91
910
912
913
914
915
917
918
919
92
920
921
922
923
924
925
926
927
929
93
930
931
932
933
934
935
936
937
938
939
94
940
941
942
943
944
945
946
947
948
949
95
950
951
952
953
954
955
956
957
958
959
96
961
962
963
965
966
967
969
970
971
972
973
974
975
976
977
978
979
98
980
981
982
983
984
985
988
989
99
990
991
992
993
994
996
997
998
999
